4294967294,0
4294967279,105
4294967279,104
4294967279,103
4294967279,102
4294967279,101
4294967279,100
4294967279,121
4294967279,120
4294967279,119
4294967279,117
4294967279,116
4294967279,115
4294967279,113
4294967279,112
4294967279,111
4294967279,231
4294967279,110
4294967279,109
4294967279,108
4294967279,107
4294967279,106
4294967278,257
4294967279,342
4294967279,341
4294967279,340
4294967279,255
4294967279,338
4294967279,337
4294967279,336
4294967279,250
4294967279,334
4294967279,254
4294967279,253
4294967279,251
4294967279,118
4294967279,244
4294967279,249
4294967279,248
4294967279,246
4294967279,245
4294967279,114
4294967279,239
4294967279,237
4294967279,242
4294967279,240
4294967279,238
4294967278,522
4294967278,11
4294967278,10
4294967278,9
4294967278,7
4294967278,6
4294967278,5
4294967278,4
4294967279,132
4294967279,131
4294967279,339
4294967279,130
4294967279,129
4294967279,128
4294967279,127
4294967279,335
4294967279,126
4294967279,125
4294967279,124
4294967279,123
4294967279,122
882,7
882,3
882,1
4294967278,151
4294967278,150
4294967278,149
4294967278,147
4294967278,146
4294967278,145
4294967278,143
4294967278,142
4294967278,141
4294967278,525
4294967278,139
4294967278,138
4294967278,276
4294967278,135
4294967278,134
4294967278,133
4294967278,523
4294967278,271
4294967278,270
4294967278,269
4294967278,527
4294967278,282
4294967278,266
4294967278,265
4294967278,264
4294967278,263
4294967278,285
4294967278,8
4294967278,524
4294967278,259
4294967278,258
4294967278,27
4294967278,26
4294967278,25
4294967278,24
4294967278,23
4294967278,22
4294967278,21
4294967278,20
4294967278,19
4294967278,18
4294967278,17
4294967278,16
4294967278,15
4294967278,14
4294967278,13
4294967278,12
865,3
865,1
4294967278,549
4294967279,173
4294967279,172
4294967279,166
4294967279,169
4294967279,322
4294967279,165
4294967279,163
4294967279,321
4294967278,161
4294967279,158
4294967279,161
4294967278,159
4294967279,160
4294967278,158
4294967279,157
4294967278,157
4294967278,155
4294967279,155
4294967278,154
4294967279,154
4294967279,320
4294967278,153
4294967278,513
4294967278,48
4294967278,47
4294967278,46
4294967278,45
4294967278,44
4294967278,43
4294967278,42
4294967278,41
4294967278,39
4294967278,38
4294967278,37
4294967278,36
4294967278,35
4294967278,34
4294967278,33
4294967278,32
4294967278,31
4294967278,30
4294967278,29
4294967278,28
4294967279,59
4294967279,58
4294967279,57
4294967279,56
4294967279,55
4294967279,54
4294967279,53
4294967279,51
4294967279,50
4294967279,48
4294967279,46
4294967279,44
4294967279,43
4294967279,41
4294967279,40
4294967279,39
4294967279,38
4294967279,34
4294967279,32
4294967279,31
4294967279,28
4294967279,27
4294967279,26
4294967279,23
4294967279,22
4294967279,20
4294967279,19
4294967279,18
4294967279,16
4294967279,12
4294967278,40
4294967279,37
4294967279,149
4294967279,150
4294967279,298
4294967279,145
4294967279,148
4294967279,147
4294967279,29
4294967279,141
4294967279,144
4294967279,143
4294967279,142
4294967279,137
4294967279,140
4294967279,278
4294967279,21
4294967279,318
4294967279,136
4294967279,135
4294967279,133
4294967279,17
4294967279,273
4294967279,13
4294967279,271
4294967279,270
4294967279,269
4294967279,268
4294967279,264
4294967279,267
4294967279,266
4294967279,265
4294967279,259
4294967279,263
4294967279,262
4294967279,284
4294967278,548
4294967279,258
4294967278,521
4294967278,520
4294967278,519
4294967278,526
4294967278,518
4294967278,517
4294967278,516
4294967278,515
4294967278,254
4294967278,253
4294967278,252
4294967278,530
4294967278,248
4294967278,246
4294967278,244
4294967278,529
4294967278,240
4294967278,238
4294967278,237
4294967278,514
4294967278,234
4294967278,232
4294967278,230
4294967278,226
4294967278,224
4294967278,222
4294967278,528
4294967278,218
4294967278,216
4294967278,214
4294967278,313
4294967278,212
4294967278,211
4294967278,210
4294967278,208
4294967278,207
4294967278,206
4294967278,204
4294967278,203
4294967278,202
4294967278,200
4294967278,199
4294967278,198
4294967294,39
